   0.0000000000000000     
   0.0000000000000000     
   0.0000000000000000     
   0.0000000000000000     
   0.0000000000000000     
   0.0000000000000000     
   0.0000000000000000     
   0.0000000000000000     
   0.0000000000000000     
   0.0000000000000000     
   0.0000000000000000     
   0.0000000000000000     
   0.0000000000000000     
   0.0000000000000000     
   0.0000000000000000     
   0.0000000000000000     
   0.0000000000000000     
   0.0000000000000000     
   0.0000000000000000     
   0.0000000000000000     
   0.0000000000000000     
   0.0000000000000000     
   0.0000000000000000     
   0.0000000000000000     
   0.0000000000000000     
   0.0000000000000000     
   0.0000000000000000     
   0.0000000000000000     
   0.0000000000000000     
   0.0000000000000000     
   0.0000000000000000     
   0.0000000000000000     
   0.0000000000000000     
   0.0000000000000000     
   0.0000000000000000     
   0.0000000000000000     
   0.0000000000000000     
   0.0000000000000000     
   0.0000000000000000     
   0.0000000000000000     
   0.0000000000000000     
   0.0000000000000000     
   0.0000000000000000     
   0.0000000000000000     
   0.0000000000000000     
   0.0000000000000000     
   0.0000000000000000     
   0.0000000000000000     
  0.10086902083067617     
  -7.2774501155587340E-003
  -1.2092539304796035E-003
  -1.6537695175433687E-004
   1.0667114872958683E-004
   1.4806881492854251E-004
  -1.9224498296691039E-004
  -1.6891758157652759E-005
   9.7834448413255948E-005
   1.6333725442338465E-005
   1.1354849044895032E-005
  -1.7639173226943750E-004
   1.0703678175542908E-004
   1.7744691672001989E-003
   1.4131063106617367E-002
   1.9468899073992588E-002
   7.2539622421074479E-003
   3.0547678638304099E-006
   9.9936320968607717E-008
   3.2694033313962478E-009
   1.0695808128069473E-010
   3.4991454178623371E-012
   1.1446399383885364E-013
   3.7192471324942744E-015
   1.3877787807814457E-016
  -0.0000000000000000     
  -0.0000000000000000     
  -0.0000000000000000     
  -0.0000000000000000     
  -0.0000000000000000     
  -0.0000000000000000     
  -0.0000000000000000     
  -0.0000000000000000     
  -0.0000000000000000     
  -0.0000000000000000     
  -0.0000000000000000     
  -0.0000000000000000     
  -0.0000000000000000     
  -0.0000000000000000     
  -0.0000000000000000     
  -0.0000000000000000     
  -0.0000000000000000     
   7.2164496600635175E-016
   8.2162610048897022E-011
   9.4185327589868528E-006
   0.0000000000000000     
   0.0000000000000000     
   7.3841663251920750E-002
  -1.1867337012090202E-002
  -2.2006531142339664E-003
  -1.7922281438266519E-004
   1.6042951561235502E-004
   1.6244794474382096E-004
  -1.8933974549949911E-004
  -1.1757782085031199E-004
   1.5827476243777949E-004
   1.0747030706984712E-004
  -9.7342477806731942E-005
  -1.8947959630086220E-004
   1.5569976683434822E-004
   1.7519242003374361E-003
   2.3290296044986121E-002
   3.6554134580564515E-002
   1.3611139599586888E-002
   7.2277998289793643E-006
   2.3645855184994957E-007
   7.7357768524244364E-009
   2.5307711482014383E-010
   8.2794604505664893E-012
   2.7086666243292257E-013
   8.8262730457699945E-015
   3.0531133177191805E-016
  -0.0000000000000000     
  -0.0000000000000000     
  -0.0000000000000000     
  -0.0000000000000000     
  -0.0000000000000000     
  -0.0000000000000000     
  -0.0000000000000000     
  -0.0000000000000000     
  -0.0000000000000000     
  -0.0000000000000000     
  -0.0000000000000000     
  -0.0000000000000000     
  -0.0000000000000000     
  -0.0000000000000000     
  -0.0000000000000000     
  -0.0000000000000000     
  -0.0000000000000000     
  -0.0000000000000000     
   5.8564264548977008E-015
   3.3977723412625949E-010
   0.0000000000000000     
   0.0000000000000000     
   6.8213050785228269E-002
  -1.2163416990656373E-002
  -2.3747859066195545E-003
  -1.6717642093102419E-004
   1.6881795554532508E-004
   1.4944964860003768E-004
  -1.6829460686655640E-004
  -1.4588626037492780E-004
   1.6497619379297890E-004
   1.3599902568216249E-004
  -1.3309543916965177E-004
  -1.7647881987816610E-004
   1.7031936451466362E-004
   1.5164710216112390E-003
   2.5241813868421704E-002
   4.0146054992328165E-002
   1.4373275610780847E-002
   8.6146168291612035E-006
   2.8182920100427999E-007
   9.2201080936771262E-009
   3.0163802011706764E-010
   9.8681618432294727E-012
   3.2282509998537989E-013
   1.0547118733938987E-014
   3.6082248300317588E-016
  -0.0000000000000000     
  -0.0000000000000000     
  -0.0000000000000000     
  -0.0000000000000000     
  -0.0000000000000000     
  -0.0000000000000000     
  -0.0000000000000000     
  -0.0000000000000000     
  -0.0000000000000000     
  -0.0000000000000000     
  -0.0000000000000000     
  -0.0000000000000000     
  -0.0000000000000000     
  -0.0000000000000000     
  -0.0000000000000000     
  -0.0000000000000000     
  -0.0000000000000000     
  -0.0000000000000000     
  -0.0000000000000000     
   1.2267964422107980E-014
   0.0000000000000000     
   0.0000000000000000     
   6.8044800700546068E-002
  -1.2000125324018028E-002
  -2.4100145458654451E-003
  -1.4689859085785517E-004
   1.6917838312707073E-004
   1.2963250870943327E-004
  -1.4052174649679949E-004
  -1.6652507484551937E-004
   1.6543641710709683E-004
   1.5543889457925869E-004
  -1.6115567222215604E-004
  -1.5539127277756221E-004
   2.0324980211677141E-004
   2.2008954330815997E-003
   2.8614588390894272E-002
   3.8696141127623290E-002
   1.1753708754963857E-002
   7.3144249224388336E-006
   2.3929591527749317E-007
   7.8287132054821740E-009
   2.5612115206463670E-010
   8.3791584781778283E-012
   2.7416957593118241E-013
   8.9372953482325102E-015
   3.0531133177191805E-016
  -0.0000000000000000     
  -0.0000000000000000     
  -0.0000000000000000     
  -0.0000000000000000     
  -0.0000000000000000     
  -0.0000000000000000     
  -0.0000000000000000     
  -0.0000000000000000     
  -0.0000000000000000     
  -0.0000000000000000     
  -0.0000000000000000     
  -0.0000000000000000     
  -0.0000000000000000     
  -0.0000000000000000     
  -0.0000000000000000     
  -0.0000000000000000     
  -0.0000000000000000     
  -0.0000000000000000     
  -0.0000000000000000     
  -0.0000000000000000     
   0.0000000000000000     
   0.0000000000000000     
   6.7999871741423829E-002
  -1.2033185597526551E-002
  -2.4072143370928306E-003
  -1.4972257395796246E-004
   1.6919248416312482E-004
   1.3243908877527688E-004
  -1.4438044088444651E-004
  -1.6385662637111859E-004
   1.6550495321831366E-004
   1.5288961696727221E-004
  -1.5745807546183738E-004
  -1.5832047695329282E-004
   2.3051182832757589E-004
   2.7619046948992934E-003
   3.1454035510223174E-002
   3.7482955125536746E-002
   9.6184420147149285E-003
   6.1819810901753147E-006
   2.0224838001570156E-007
   6.6167150092333316E-009
   2.1647103554123248E-010
   7.0820571629326423E-012
   2.3167578966365454E-013
   7.5772721430666934E-015
   2.4980018054066022E-016
  -0.0000000000000000     
  -0.0000000000000000     
  -0.0000000000000000     
  -0.0000000000000000     
  -0.0000000000000000     
  -0.0000000000000000     
  -0.0000000000000000     
  -0.0000000000000000     
  -0.0000000000000000     
  -0.0000000000000000     
  -0.0000000000000000     
  -0.0000000000000000     
  -0.0000000000000000     
  -0.0000000000000000     
  -0.0000000000000000     
  -0.0000000000000000     
  -0.0000000000000000     
  -0.0000000000000000     
  -0.0000000000000000     
  -0.0000000000000000     
   0.0000000000000000     
   0.0000000000000000     
   6.7551752759757916E-002
  -1.1465756704286428E-002
  -2.3591260952549875E-003
  -1.6736919645385373E-004
   1.6862280713999395E-004
   1.5021918588752070E-004
  -1.6939053615819266E-004
  -1.4516309652393145E-004
   1.6529161169696188E-004
   1.3495297041193205E-004
  -1.3212226130224214E-004
  -1.7695133934313156E-004
   2.3222379432333989E-004
   2.7860184044225730E-003
   3.1500695040729561E-002
   3.7360100856178580E-002
   9.5196727997733099E-003
   6.1215231139666315E-006
   2.0026930647176755E-007
   6.5519306646777409E-009
   2.1435034303074474E-010
   7.0126127127423388E-012
   2.2942758803878860E-013
   7.4940054162198066E-015
   2.4980018054066022E-016
  -0.0000000000000000     
  -0.0000000000000000     
  -0.0000000000000000     
  -0.0000000000000000     
  -0.0000000000000000     
  -0.0000000000000000     
  -0.0000000000000000     
  -0.0000000000000000     
  -0.0000000000000000     
  -0.0000000000000000     
  -0.0000000000000000     
  -0.0000000000000000     
  -0.0000000000000000     
  -0.0000000000000000     
  -0.0000000000000000     
  -0.0000000000000000     
  -0.0000000000000000     
  -0.0000000000000000     
  -0.0000000000000000     
  -0.0000000000000000     
   0.0000000000000000     
   0.0000000000000000     
   6.4318499164409765E-002
  -8.4426984029377025E-003
  -2.3196384329866315E-003
  -1.5926187232713496E-004
   1.6897282457788154E-004
   1.4322990752107384E-004
  -1.5948167737150909E-004
  -1.5276215400530230E-004
   1.6546062330930617E-004
   1.4226538472773137E-004
  -1.4235246048737576E-004
  -1.6962760629843365E-004
   2.3294163197942058E-004
   2.7951839408524720E-003
   3.1581675851832934E-002
   3.7422452154073735E-002
   9.5186216291126835E-003
   6.1211254624438105E-006
   2.0025618860386452E-007
   6.5514979830094688E-009
   2.1433604890930269E-010
   7.0121686235324887E-012
   2.2939983246317297E-013
   7.4940054162198066E-015
   2.4980018054066022E-016
  -0.0000000000000000     
  -0.0000000000000000     
  -0.0000000000000000     
  -0.0000000000000000     
  -0.0000000000000000     
  -0.0000000000000000     
  -0.0000000000000000     
  -0.0000000000000000     
  -0.0000000000000000     
  -0.0000000000000000     
  -0.0000000000000000     
  -0.0000000000000000     
  -0.0000000000000000     
  -0.0000000000000000     
  -0.0000000000000000     
  -0.0000000000000000     
  -0.0000000000000000     
  -0.0000000000000000     
  -0.0000000000000000     
  -0.0000000000000000     
   0.0000000000000000     
   0.0000000000000000     
  -1.7594175999048469     
 -0.20516481660988992     
  -6.0409576165583595E-003
  -2.1650316076275711E-004
   1.6772303688212392E-004
   1.2859637376658878E-004
  -1.3917547144038506E-004
  -1.6734783410984194E-004
   1.6535866413982386E-004
   1.5621862270048109E-004
  -1.6233454446828999E-004
  -1.5434334105924458E-004
   2.3332557510520602E-004
   2.7982862359500968E-003
   3.1593607265572331E-002
   3.7312446817627867E-002
   9.4540513274478377E-003
   6.0858215563674989E-006
   1.9910131418554577E-007
   6.5137193139275240E-009
   2.1310023190501681E-010
   6.9717287498605174E-012
   2.2806756483362278E-013
   7.4662498406041777E-015
   2.4980018054066022E-016
  -0.0000000000000000     
  -0.0000000000000000     
  -0.0000000000000000     
  -0.0000000000000000     
  -0.0000000000000000     
  -0.0000000000000000     
  -0.0000000000000000     
  -0.0000000000000000     
  -0.0000000000000000     
  -0.0000000000000000     
  -0.0000000000000000     
  -0.0000000000000000     
  -0.0000000000000000     
  -0.0000000000000000     
  -0.0000000000000000     
  -0.0000000000000000     
  -0.0000000000000000     
  -0.0000000000000000     
  -0.0000000000000000     
  -0.0000000000000000     
   0.0000000000000000     
   0.0000000000000000     
   6.4305910791611298E-002
  -8.3991496999303444E-003
  -2.3256108867647160E-003
  -1.5563303760122993E-004
   1.6905444724851781E-004
   1.3963329564685434E-004
  -1.5444742687713980E-004
  -1.5645992768244937E-004
   1.6547388366626448E-004
   1.4580706443345637E-004
  -1.4738619503757572E-004
  -1.6585929267106531E-004
   2.3311448020987835E-004
   2.7971958617680273E-003
   3.1597165183521105E-002
   3.7414547294721545E-002
   9.5076860528685581E-003
   6.1152196133562597E-006
   2.0006298842578651E-007
   6.5451777331304584E-009
   2.1412932538211749E-010
   7.0053407519310440E-012
   2.2920554343386357E-013
   7.4940054162198066E-015
   2.4980018054066022E-016
  -0.0000000000000000     
  -0.0000000000000000     
  -0.0000000000000000     
  -0.0000000000000000     
  -0.0000000000000000     
  -0.0000000000000000     
  -0.0000000000000000     
  -0.0000000000000000     
  -0.0000000000000000     
  -0.0000000000000000     
  -0.0000000000000000     
  -0.0000000000000000     
  -0.0000000000000000     
  -0.0000000000000000     
  -0.0000000000000000     
  -0.0000000000000000     
  -0.0000000000000000     
  -0.0000000000000000     
  -0.0000000000000000     
  -0.0000000000000000     
   0.0000000000000000     
   0.0000000000000000     
   6.7550297536220702E-002
  -1.1464328306266369E-002
  -2.3590979193649705E-003
  -1.6737012509221438E-004
   1.6862378194261451E-004
   1.5021915048857998E-004
  -1.6939137660636205E-004
  -1.4516163497864387E-004
   1.6529062341748280E-004
   1.3495302396954179E-004
  -1.3212144673715315E-004
  -1.7695280253392232E-004
   2.3228634019441252E-004
   2.7862621039380780E-003
   3.1500636858832344E-002
   3.7359862921548220E-002
   9.5196637670849626E-003
   6.1212127784038284E-006
   2.0025906460885423E-007
   6.5515926850334694E-009
   2.1433921304492287E-010
   7.0122518902593356E-012
   2.2939983246317297E-013
   7.4940054162198066E-015
   2.4980018054066022E-016
  -0.0000000000000000     
  -0.0000000000000000     
  -0.0000000000000000     
  -0.0000000000000000     
  -0.0000000000000000     
  -0.0000000000000000     
  -0.0000000000000000     
  -0.0000000000000000     
  -0.0000000000000000     
  -0.0000000000000000     
  -0.0000000000000000     
  -0.0000000000000000     
  -0.0000000000000000     
  -0.0000000000000000     
  -0.0000000000000000     
  -0.0000000000000000     
  -0.0000000000000000     
  -0.0000000000000000     
  -0.0000000000000000     
  -0.0000000000000000     
   0.0000000000000000     
   0.0000000000000000     
   6.8026680196972528E-002
  -1.2063137095452009E-002
  -2.4009531733873990E-003
  -1.5334820414740491E-004
   1.6910953271648960E-004
   1.3603620187751381E-004
  -1.4941310629201787E-004
  -1.6015774388201953E-004
   1.6548706456308987E-004
   1.4934878348314001E-004
  -1.5241984788612328E-004
  -1.6209101791858638E-004
   2.3328725618365631E-004
   2.7992077941784779E-003
   3.1612656228509922E-002
   3.7406640774111599E-002
   9.4967504143982084E-003
   6.1093122532829280E-006
   1.9986973912033967E-007
   6.5388559289392134E-009
   2.1392249083262982E-010
   6.9986239026320618E-012
   2.2895574325332291E-013
   7.4940054162198066E-015
   2.4980018054066022E-016
  -0.0000000000000000     
  -0.0000000000000000     
  -0.0000000000000000     
  -0.0000000000000000     
  -0.0000000000000000     
  -0.0000000000000000     
  -0.0000000000000000     
  -0.0000000000000000     
  -0.0000000000000000     
  -0.0000000000000000     
  -0.0000000000000000     
  -0.0000000000000000     
  -0.0000000000000000     
  -0.0000000000000000     
  -0.0000000000000000     
  -0.0000000000000000     
  -0.0000000000000000     
  -0.0000000000000000     
  -0.0000000000000000     
  -0.0000000000000000     
   0.0000000000000000     
   0.0000000000000000     
   6.8103381726834097E-002
  -1.1981949530542331E-002
  -2.4096748418604846E-003
  -1.4588531646681641E-004
   1.6912001467909304E-004
   1.2862407863010322E-004
  -1.3917574180350584E-004
  -1.6734637458824114E-004
   1.6535767530660023E-004
   1.5621867690764069E-004
  -1.6233372800147222E-004
  -1.5434479558380093E-004
   2.3332472868006771E-004
   2.7982832830986265E-003
   3.1593607083103513E-002
   3.7312449964984215E-002
   9.4540514362292105E-003
   6.0858249483763949E-006
   1.9910141499379641E-007
   6.5137222837741149E-009
   2.1310031517174366E-010
   6.9717287498605174E-012
   2.2806756483362278E-013
   7.4662498406041777E-015
   2.4980018054066022E-016
  -0.0000000000000000     
  -0.0000000000000000     
  -0.0000000000000000     
  -0.0000000000000000     
  -0.0000000000000000     
  -0.0000000000000000     
  -0.0000000000000000     
  -0.0000000000000000     
  -0.0000000000000000     
  -0.0000000000000000     
  -0.0000000000000000     
  -0.0000000000000000     
  -0.0000000000000000     
  -0.0000000000000000     
  -0.0000000000000000     
  -0.0000000000000000     
  -0.0000000000000000     
  -0.0000000000000000     
  -0.0000000000000000     
  -0.0000000000000000     
   0.0000000000000000     
   0.0000000000000000     
   6.8137063507905007E-002
  -1.2150078029218581E-002
  -2.3816623606743997E-003
  -1.6399205658323285E-004
   1.6848033279783653E-004
   1.4689362044326831E-004
  -1.6414993123556321E-004
  -1.4936031545763340E-004
   1.6544278424326930E-004
   1.3874662720574082E-004
  -1.3728888547372142E-004
  -1.7318456109720326E-004
   2.3157015128975889E-004
   2.7819093347937335E-003
   3.1550505803997049E-002
   3.7423481427473468E-002
   9.5292974719611845E-003
   6.1181502465923465E-006
   2.0015766144521052E-007
   6.5482356204071834E-009
   2.1422810747573351E-010
   7.0085326431268413E-012
   2.2928881016071045E-013
   7.4940054162198066E-015
   2.4980018054066022E-016
  -0.0000000000000000     
  -0.0000000000000000     
  -0.0000000000000000     
  -0.0000000000000000     
  -0.0000000000000000     
  -0.0000000000000000     
  -0.0000000000000000     
  -0.0000000000000000     
  -0.0000000000000000     
  -0.0000000000000000     
  -0.0000000000000000     
  -0.0000000000000000     
  -0.0000000000000000     
  -0.0000000000000000     
  -0.0000000000000000     
  -0.0000000000000000     
  -0.0000000000000000     
  -0.0000000000000000     
  -0.0000000000000000     
   1.2267964422107980E-014
   0.0000000000000000     
   0.0000000000000000     
   7.3514414474881384E-002
  -1.1913978027614652E-002
  -2.2096745210578306E-003
  -1.8022950324168840E-004
   1.6050201255185526E-004
   1.6395826287190357E-004
  -1.9069754272108691E-004
  -1.1778401168697356E-004
   1.5909815107340713E-004
   1.0720010693036908E-004
  -9.6897192699563206E-005
  -1.9051739600704776E-004
   2.1483499874264816E-004
   3.0156648676777920E-003
   2.9478284898014941E-002
   3.4189091716378142E-002
   8.8514846134868097E-003
   5.0721911747930726E-006
   1.6593767948602789E-007
   5.4286821149496234E-009
   1.7760037884784197E-010
   5.8102134214976786E-012
   1.9004242624021117E-013
   6.2172489379008766E-015
   2.2204460492503131E-016
  -0.0000000000000000     
  -0.0000000000000000     
  -0.0000000000000000     
  -0.0000000000000000     
  -0.0000000000000000     
  -0.0000000000000000     
  -0.0000000000000000     
  -0.0000000000000000     
  -0.0000000000000000     
  -0.0000000000000000     
  -0.0000000000000000     
  -0.0000000000000000     
  -0.0000000000000000     
  -0.0000000000000000     
  -0.0000000000000000     
  -0.0000000000000000     
  -0.0000000000000000     
  -0.0000000000000000     
   5.8564264548977008E-015
   3.3977723412625949E-010
   0.0000000000000000     
   0.0000000000000000     
   9.9972116014006338E-002
  -7.4807750641404103E-003
  -1.2440932506833507E-003
  -1.6828063788695835E-004
   1.0886541593038701E-004
   1.5098430019414022E-004
  -1.9546234818984543E-004
  -1.8586771796377799E-005
   1.0039414286036608E-004
   1.7651330051687841E-005
   1.0217212650320828E-005
  -1.7940816202163812E-004
   1.3049654094839103E-004
   2.4513320192067478E-003
   1.7442736374057632E-002
   1.8795430306627753E-002
   5.0543350303437207E-003
   2.2347671987388296E-006
   7.3109863218956406E-008
   2.3917713365406712E-009
   7.8246215062804936E-011
   2.5598134723026078E-012
   8.3766327207968061E-014
   2.7200464103316335E-015
   8.3266726846886741E-017
  -0.0000000000000000     
  -0.0000000000000000     
  -0.0000000000000000     
  -0.0000000000000000     
  -0.0000000000000000     
  -0.0000000000000000     
  -0.0000000000000000     
  -0.0000000000000000     
  -0.0000000000000000     
  -0.0000000000000000     
  -0.0000000000000000     
  -0.0000000000000000     
  -0.0000000000000000     
  -0.0000000000000000     
  -0.0000000000000000     
  -0.0000000000000000     
  -0.0000000000000000     
   7.2164496600635175E-016
   8.2162610048897022E-011
   9.4185327590146084E-006
   0.0000000000000000     
   0.0000000000000000     
   0.0000000000000000     
   0.0000000000000000     
   0.0000000000000000     
   0.0000000000000000     
   0.0000000000000000     
   0.0000000000000000     
   0.0000000000000000     
   0.0000000000000000     
   0.0000000000000000     
   0.0000000000000000     
   0.0000000000000000     
   0.0000000000000000     
   0.0000000000000000     
   0.0000000000000000     
   0.0000000000000000     
   0.0000000000000000     
   0.0000000000000000     
   0.0000000000000000     
   0.0000000000000000     
   0.0000000000000000     
   0.0000000000000000     
   0.0000000000000000     
   0.0000000000000000     
   0.0000000000000000     
   0.0000000000000000     
   0.0000000000000000     
   0.0000000000000000     
   0.0000000000000000     
   0.0000000000000000     
   0.0000000000000000     
   0.0000000000000000     
   0.0000000000000000     
   0.0000000000000000     
   0.0000000000000000     
   0.0000000000000000     
   0.0000000000000000     
   0.0000000000000000     
   0.0000000000000000     
   0.0000000000000000     
   0.0000000000000000     
   0.0000000000000000     
   0.0000000000000000     
   0.0000000000000000     
   0.0000000000000000     
   0.0000000000000000     
   0.0000000000000000     